200 10.737532
200 10.728104
200 21.553313
200 21.553791
200 21.578121
200 32.254925
200 32.291047
200 43.005575
200 43.022674
200 53.791773
200 54.158465
200 64.531487
200 64.918530
200 75.244373
200 75.658917
200 85.973898
200 86.391992
200 96.757962
200 97.143179
200 107.461040
200 97.170724
200 86.346105
200 107.496197
200 97.069680
200 107.412388
200 97.099031
200 107.437878
200 97.065717
200 86.297202
200 86.337509
200 107.852519
200 96.664614
200 107.452849
200 97.055977
200 96.676717
200 85.959147
200 85.945473
200 97.127702
